id,EAP,HPL,MWS
id02310,0.032422906963460084,0.011980681904235234,0.9555964111323052
id24541,0.9943775095549923,0.0029788949882217845,0.0026435954567864445
id00134,0.0012074420305757518,0.9975483516947021,0.0012442062747221236
id27757,0.7304415668589367,0.20443221257483363,0.06512622056622894
id04081,0.716938253973069,0.1329490572585315,0.15011268876839867
id27337,0.8881092986341391,0.0777898943755051,0.03410080699035584
id24265,0.9804597682620692,0.012386216825089528,0.00715401491284171
id25917,0.09095149959317314,0.20720808514508374,0.7018404152617429
id04951,0.997947723857212,0.0009538421115766609,0.0010984340312117453
id14549,0.9313195784391689,0.02604252214308611,0.04263789941774521
id22505,0.012628120528321986,0.018967682507117885,0.9684041969645606
id24002,0.0005228390605999287,0.9988217290343767,0.0006554319050230305
id18982,0.07025588645162227,0.18273260294305718,0.7470115106053203
id15181,0.0013899595457326093,0.9966326768968525,0.001977363557414607
id21888,0.8656160121814366,0.04172653383525203,0.09265745398331117
id12035,0.01794381922664444,0.0060514054087493965,0.9760047753646062
id17991,0.07880259801948597,0.025171706797037296,0.8960256951834775
id10707,0.9979832693427666,0.0009366935977654776,0.001080037059468591
id07101,0.8202303228350682,0.06398976838386149,0.11577990878106964
id00345,0.6744525920700062,0.2543594688524379,0.07118793907755543
id05912,0.9690438301861426,0.01602945099939502,0.014926718814463042
id13443,0.9938668646111687,0.0029678590553448244,0.0031652763334867515
id09248,0.17923148667471556,0.07692339775050705,0.7438451155747781
id17542,0.027449836662102562,0.9476547622862749,0.024895401051622627
id06995,0.008608826678950826,0.0029006537310663307,0.9884905195899828
id25159,0.32494167562333515,0.08389018086006048,0.5911681435166048
id25729,0.13882872767892745,0.7982155789407587,0.0629556933803148
id26949,0.9839331751506625,0.008170090507709667,0.007896734341628046
id27191,0.013347536312514487,0.003964450545598702,0.9826880131418879
id07668,0.0029298278330740306,0.0012582700229146098,0.9958119021440115
id02230,0.054860444401802134,0.08822656716547393,0.8569129884327233
id15553,0.9980212211788902,0.000900889314826046,0.0010778895062840462
id25688,0.0007782144859295121,0.9980157645964569,0.0012060209176135205
id17545,0.9945332065208093,0.003077192976229011,0.0023896005029623523
id13929,0.32916279523428316,0.24849997622467865,0.42233722854103817
id12880,0.15234664165813386,0.6358998172898584,0.21175354105200694
id19282,0.7996723726075903,0.12371452471843387,0.07661310267397523
id14690,0.0014443700267101334,0.0006138415463401918,0.9979417884269498
id17975,0.006625747179170608,0.9879592401328418,0.005415012687987452
id08037,0.7281179404424367,0.07262789951522967,0.19925416004233298
id15412,0.018853996898285177,0.006485036095577926,0.9746609670061368
id25032,0.6787322140140735,0.09156358320737883,0.22970420277854708
id27165,0.9979932813906907,0.0009300536627133977,0.0010766649465963425
id03327,0.7407769380183765,0.17707257088954942,0.08215049109207327
id18515,0.8047609964914892,0.08353752429295729,0.11170147921555337
id21003,0.011668285528034552,0.006457655711811294,0.9818740587601543
id23855,0.014753138917605574,0.9597552377358454,0.025491623346548784
id20724,0.8995629792258447,0.05334583731955133,0.04709118345460352
id13303,0.23074966071176137,0.07636737703570412,0.6928829622525358
id16521,0.09801249987314804,0.35407657180371405,0.5479109283231385
id20775,0.9980113011990199,0.0009077544791851935,0.0010809443217952848
id13029,0.9919443784669548,0.005132416898314607,0.002923204634731113
id14660,0.7933143453719007,0.14915138717295107,0.05753426745514817
id11028,0.0012649986006277954,0.0005757780182227734,0.9981592233811495
id14180,0.9971463394952327,0.0015019492247933396,0.0013517112799746917
id25860,0.9980012028204749,0.0009258975295794347,0.001072899649946143
id11910,0.6487250795405577,0.07405030057978344,0.2772246198796592
id08065,0.02084130681622597,0.01089851242658161,0.9682601807571921
id22674,0.0017875360125781089,0.0008280791115152359,0.9973843848759064
id25018,0.3753646898367121,0.08560254870662877,0.5390327614566588
id10892,0.020769496272433848,0.9635240231933445,0.01570648053422191
id10217,0.5546184731742675,0.37253130477138047,0.0728502220543521
id12996,0.3261740902125001,0.13944860934448097,0.5343773004430191
id18262,0.4874031253818718,0.4091872889260791,0.10340958569204868
id08606,0.0005249051405307426,0.9988079897505314,0.0006671051089376186
id17233,0.9514167528202764,0.02152349858142497,0.027059748598298017
id00101,0.5902254640953434,0.32483951935500793,0.08493501654964848
id12225,0.8950273087992553,0.05175572606826747,0.05321696513247679
id01364,0.0027647813437590356,0.9949102470701785,0.0023249715860621917
id24973,0.9282654206067459,0.019480698203255865,0.05225388118999827
id25363,0.43001601370320996,0.07996527492371246,0.49001871137307745
id10061,0.1076839604588343,0.047914233263246696,0.8444018062779206
id17673,0.07615974960507775,0.8480584032972648,0.07578184709765777
id13249,0.07387482097717661,0.05126385318899084,0.8748613258338324
id10107,0.03750640794877705,0.022239623180654356,0.9402539688705687
id04403,0.914127445253897,0.029649335659397678,0.05622321908670603
id25728,0.9811448555358468,0.008675763373094584,0.010179381091059522
id16184,0.11848451986304846,0.07588372662460147,0.8056317535123495
id03438,0.002355327528666233,0.0009880124375823158,0.9966566600337514
id22923,0.000826537621671412,0.9982175179679685,0.0009559444103596542
id08610,0.9979574595745994,0.0009222237072068452,0.0011203167181942245
id25355,0.03077330009801498,0.01984141182325093,0.9493852880787351
id16916,0.3044259128025939,0.6056380017442712,0.08993608545313514
id12793,0.006598798906109754,0.9874905091872789,0.0059106919066111265
id11859,0.610892521038843,0.08684878150760329,0.30225869745355394
id02434,0.9980152426608517,0.0009070432406877678,0.001077714098460857
id27703,0.0010905741449560504,0.0005593601048119392,0.998350065750232
id25212,0.0025179593984354354,0.9948730802466909,0.0026089603548735876
id11308,0.10130610714487635,0.11505229236866842,0.7836416004864557
id26094,0.9872435900995821,0.006746112162248306,0.006010297738170476
id22080,0.8591361936836789,0.0997388349508229,0.0411249713654978
id03545,0.9675336547136484,0.020647399019653827,0.011818946266697902
id23725,0.001080178440346222,0.0005662976729189869,0.998353523886735
id12009,0.9404953520213847,0.034309262782805175,0.025195385195810556
id24241,0.23335808820060294,0.22114700313478666,0.5454949086646101
id03596,0.0006428096790127041,0.9986687087968671,0.000688481524119908
id10749,0.08146474331841777,0.8633829250162623,0.05515233166532044
id22794,0.001263942095714038,0.0005571032347765918,0.9981789546695093
id15482,0.06931003062710171,0.8689802771215684,0.06170969225132978
id04833,0.9790301423187455,0.010859523908708785,0.010110333772545731
id00397,0.00416927864589397,0.0015762319275478337,0.9942544894265583
id14691,0.012480632252197733,0.00505100104863933,0.9824683666991634
id05193,0.0874154529812607,0.03572092308653789,0.8768636239322012
id19541,0.997983170027505,0.0009250497036440172,0.0010917802688513783
id22166,0.0010727481961976613,0.0005576167464599479,0.9983696350573423
id20744,0.004528339172829034,0.00108856857789229,0.9943830922492789
id10392,0.0013317023807065185,0.0005752569083750008,0.9980930407109183
id00770,0.9979730750932948,0.0009286544417809732,0.001098270464924592
id06018,0.1537291401358151,0.7806554392756252,0.06561542058856043
id15678,0.35246007394955053,0.07993232805598752,0.5676075979944626
id08305,0.9752242519784671,0.01435917254625933,0.010416575475273955
id08903,0.3138995485694374,0.08512604887079595,0.6009744025597658
id14752,0.29785734028633853,0.6082161621514374,0.09392649756222395
id12468,0.014365202187292788,0.9783243984650949,0.007310399347611998
id05085,0.6220226704044729,0.2894154054719413,0.08856192412358593
id21993,0.21018650983179615,0.06282957336531772,0.726983916802885
id15503,0.9651764024664535,0.021160513140004014,0.013663084393543037
id03021,0.0005114374602017957,0.9988331865837125,0.0006553759560856137
id16123,0.997940131475293,0.0009853708954384978,0.0010744976292690188
id19383,0.9978642232713615,0.0010145107110135184,0.001121266017625416
id04186,0.9973774446103194,0.001040681916977593,0.0015818734727033406
id17954,0.0010826666622015292,0.0005648532504945219,0.9983524800873039
id12030,0.24095940147144185,0.07348108800618239,0.6855595105223761
id13020,0.9811241591861769,0.012310222533546508,0.00656561828027712
id25327,0.0044166272842803035,0.988673605995905,0.0069097667198143205
id16344,0.08615001117721853,0.05737594843202094,0.8564740403907596
id12303,0.020330014949593,0.9691655339898049,0.010504451060601994
id15017,0.9979559987218258,0.0009337620632410843,0.0011102392149334366
id22308,0.30644297014509775,0.09246822161686297,0.6010888082380395
id06536,0.006251713586513608,0.007898542043476904,0.9858497443700097
id19797,0.08385460898674037,0.8074847043510198,0.10866068666223984
id06332,0.8180133087980925,0.095692303267919,0.08629438793398746
id22941,0.031167758984446882,0.029274295479018927,0.9395579455365346
id13547,0.004737253305121456,0.00556028423854338,0.989702462456335
id06928,0.0035948668848309086,0.001256219832868865,0.9951489132823004
id12521,0.7778096809846053,0.16858237959492867,0.05360793942046559
id25716,0.9485402234259351,0.015676468627052322,0.03578330794701187
id27116,0.0010705875322043592,0.0005573596157650233,0.9983720528520306
id19941,0.0017917692697979268,0.9957968897048644,0.002411341025337386
id05711,0.0010714188137899506,0.0005571903091737549,0.9983713908770363
id02097,0.0027811987307607136,0.0013924388583606492,0.9958263624108784
id03563,0.0005091847177886484,0.9988150577279415,0.0006757575542697594
id02295,0.2960968223472381,0.5932977479856367,0.11060542966712572
id08179,0.9980077511561958,0.0009153565857692535,0.0010768922580354444
id05332,0.09255225063732288,0.8563123990665857,0.05113535029609088
id15697,0.8718284772762342,0.05151310865811776,0.07665841406564723
id17026,0.10760938227529158,0.04191749473487742,0.8504731229898312
id04243,0.8213104205164725,0.13440912136483857,0.044280458118688665
id13175,0.9980098492037791,0.000914258228882999,0.0010758925673384752
id05387,0.996101335430217,0.0019223112016190065,0.001976353368164566
id19989,0.9865303262063418,0.005958143081834068,0.007511530711823903
id25173,0.00359157865376719,0.0015199773694964968,0.9948884439767366
id08925,0.0013222819654149045,0.9975971985826613,0.0010805194519237363
id03034,0.004324779722281586,0.9893047546188063,0.006370465658911529
id13272,0.0005885354517788513,0.9985927685270417,0.000818696021179244
id07956,0.990093330609133,0.003749411594697444,0.006157257796169982
id02648,0.036918599524201685,0.020564574313919032,0.9425168261618792
id01778,0.0568443500012056,0.026418011703154973,0.91673763829564
id12846,0.0010786432750590938,0.000557612867934547,0.9983637438570063
id19001,0.15304858194921375,0.06516481717198735,0.7817866008787996
id05763,0.418771608233759,0.10074752352627216,0.4804808682399687
id15590,0.0011803160384163385,0.0005577764908688936,0.9982619074707149
id04912,0.8292109326152426,0.10053074848905381,0.07025831889570351
id21201,0.9781591988373806,0.013103783654226561,0.008737017508393535
id13215,0.9966208591140742,0.0012845167314163022,0.002094624154510059
id15612,0.03455214331297401,0.9451515265496123,0.020296330137412846
id18501,0.00952960356453496,0.004038864422427641,0.9864315320130372
id07223,0.8625505964887632,0.07050341582727841,0.06694598768395843
id06707,0.46975269939917336,0.22733287232505947,0.30291442827576726
id05238,0.0005094663698142457,0.9988346226262078,0.0006559110039778709
id00935,0.04923694760456233,0.08345850378622112,0.8673045486092158
id00110,0.5896190699080284,0.07945763414730939,0.33092329594466313
id17476,0.9654332298108593,0.02142380025575956,0.0131429699333819
id15170,0.9979361086407323,0.0009734202635771465,0.0010904710956907775
id13397,0.035062993063282095,0.023873065279783175,0.9410639416569349
id24283,0.9428064162047372,0.03661618490840206,0.020577398886861182
id15234,0.8930549440290739,0.07746112315859967,0.029483932812326502
id16884,0.5614613128641257,0.32498901466334795,0.1135496724725269
id07831,0.43088947765692426,0.44818658184543403,0.12092394049764102
id16038,0.9726597952144886,0.016823674629563592,0.010516530155948143
id03629,0.9877904736297054,0.005789308495229352,0.006420217875065999
id21019,0.8137683926379979,0.1187305476137555,0.0675010597482462
id21835,0.5431542832679584,0.23013734707836608,0.22670836965367527
id04480,0.1345293441674724,0.8061649499189943,0.05930570591353375
id20838,0.42208056631016233,0.49470495833738676,0.08321447535245069
id24195,0.3252279896398488,0.21002817937463106,0.4647438309855198
id05448,0.9374929407488141,0.04001451114203411,0.02249254810915307
id15957,0.04789742842156888,0.9205910122699125,0.03151155930851813
id19956,0.001083513515869926,0.0005587167341082486,0.9983577697500219
id15104,0.0044998601016253935,0.0026223683101204826,0.9928777715882542
id17559,0.8423531164153913,0.0731734278017213,0.08447345578288681
id16839,0.1798663680055786,0.1344526112614024,0.6856810207330196
id14493,0.9440097606392911,0.018658619836810966,0.037331619523898324
id08833,0.9430733512704419,0.01802420596962894,0.03890244275992886
id15723,0.3038599249416897,0.07343157543911494,0.622708499619195
id02716,0.9978588446529166,0.0009716743526807407,0.001169480994403037
id06689,0.0034686654749796412,0.9923691379751808,0.004162196549839081
id18837,0.12366310362878599,0.06802423086229217,0.8083126655089218
id04466,0.9619556287074918,0.025600946424671096,0.01244342486783789
id00686,0.5169447680143918,0.08794034662511115,0.39511488536049716
id09010,0.07559828217104843,0.8924233331963325,0.03197838463261898
id23353,0.9975416408978589,0.0010589317838302238,0.0013994273183112929
id00066,0.9737269034117128,0.013296652837688716,0.012976443750598707
id15724,0.04272088949803912,0.9240237810754649,0.033255329426495644
id23486,0.03158325427290003,0.011790485717502526,0.9566262600095979
id22258,0.0010928981762046664,0.0005748053199258265,0.9983322965038696
id02292,0.6350812574550742,0.26775854509263114,0.09716019745229487
id16356,0.06548828344511358,0.021023584357457898,0.9134881321974289
id00235,0.8788086131652958,0.03479742114237846,0.08639396569232496
id25522,0.020998998449009383,0.0064168480083058085,0.972584153542685
id04204,0.03245650711003875,0.9517987100163188,0.01574478287364221
id22016,0.7975345645877504,0.08518173451019119,0.11728370090205721
id06480,0.0018895594151921993,0.9960811715337293,0.0020292690510781753
id08718,0.38678502957507493,0.06875807787576678,0.5444568925491582
id05251,0.00052333866843359,0.998821258370993,0.000655402960573286
id03359,0.6838197823567714,0.22345751752498486,0.09272270011824396
id16117,0.0013017839645446789,0.000594553136308643,0.9981036628991468
id17000,0.0005995338769721485,0.9982182603644436,0.0011822057585839962
id01730,0.000940848143849532,0.998050139105616,0.0010090127505341681
id00630,0.8957067100016437,0.07189376165208546,0.03239952834627097
id18175,0.05804692239800183,0.021781372222970035,0.9201717053790286
id00907,0.9244611167781994,0.026962042500572627,0.04857684072122807
id18251,0.0010618318232236117,0.9971077143015133,0.001830453875262892
id25861,0.3123087407971473,0.5770309744287855,0.11066028477406696
id00398,0.7707822954463703,0.1668233299236449,0.0623943746299849
id27573,0.9977919143364811,0.001033733491962925,0.0011743521715564113
id10022,0.0238333778804615,0.9462599982632084,0.029906623856329796
id15901,0.006658069421751513,0.0021518546515956684,0.9911900759266528
id00451,0.012243990226220918,0.00907266921048811,0.9786833405632911
id23129,0.0008710444042023175,0.9980846942965531,0.0010442612992441818
id26498,0.33829062985178204,0.41412785560955895,0.24758151453865873
id14741,0.9797125673710861,0.010796347177362971,0.00949108545155128
id18453,0.013294270018817927,0.0037055910001912895,0.9830001389809913
id08309,0.6793488864926072,0.25281094216442324,0.06784017134296894
id00320,0.998004436885872,0.0009151256579850722,0.0010804374561432977
id07688,0.5431534648630522,0.17988362953393058,0.2769629056030177
id01556,0.0011714797678758935,0.0005610816519187508,0.9982674385802054
id00178,0.17659572666985499,0.06683368735215948,0.7565705859779875
id18902,0.010640591775574833,0.006498117377750367,0.9828612908466751
id27002,0.3701404478287431,0.5309916135686766,0.0988679386025799
id21418,0.9980084385996841,0.0009202400403926332,0.001071321359923699
id23018,0.11628077126333772,0.06179554140533508,0.8219236873313288
id07032,0.6001380594031179,0.0887014406949865,0.3111604999018957
id16195,0.7418860882958223,0.06134614780886175,0.19676776389531522
id11202,0.027884659324381514,0.9531730267338228,0.018942313941795116
id09578,0.647625451192719,0.10486726307853354,0.2475072857287466
id26984,0.900712448918921,0.030547843957004342,0.06873970712407346
id19856,0.0005276777702363863,0.9988114489622519,0.0006608732675114317
id12086,0.2345942669049079,0.07119913994971752,0.6942065931453756
id12052,0.05763047266937941,0.021711505279116965,0.9206580220515034
id17728,0.0010795360475092588,0.0005582792440364215,0.9983621847084543
id24608,0.5293969926971446,0.1047013117697237,0.36590169553313184
id21097,0.16220994314830442,0.09965283607419946,0.738137220777496
id20179,0.0010685606968381868,0.0005574130222168486,0.998374026280945
id15144,0.8571941345177116,0.08362506331238669,0.05918080216990117
id00206,0.9896454278144526,0.005249676640565461,0.005104895544982545
id22285,0.007072011753323064,0.004270962369091706,0.9886570258775853
id06417,0.12204779179053524,0.7858004393795993,0.09215176882986466
id00215,0.04754100428847491,0.9305333071024988,0.021925688609026262
id04201,0.211208153843853,0.06035297730287368,0.7284388688532731
id21771,0.9853371319282144,0.007814719532178192,0.0068481485396074855
id12451,0.02710638990798117,0.05304500926050386,0.9198486008315148
id14250,0.0373549621035194,0.8976036255395062,0.06504141235697376
id03433,0.11940417141879985,0.80486522572889,0.07573060285231124
id03303,0.005618353975060253,0.0017607462619876146,0.9926208997629523
id25901,0.21348845904458394,0.56214007297313,0.2243714679822856
id06945,0.301241458269915,0.09891914297715954,0.5998393987529258
id05664,0.9532778529538363,0.024454514283069988,0.0222676327630934
id05741,0.9979634259039616,0.0009394931813437951,0.0010970809146950253
id10652,0.9809675854952726,0.009462021679214878,0.00957039282551246
id16300,0.5506599557539413,0.3444816626220542,0.10485838162400413
id12319,0.6754302053988555,0.1031609655600994,0.22140882904104406
id07500,0.0007815572611109003,0.9978123071177357,0.001406135621153086
id12478,0.3699808296884391,0.2139619581587275,0.416057212152833
id03076,0.037805865030362006,0.017548136530628398,0.94464599843901
id00969,0.23441297313833964,0.5357237383299077,0.22986328853175167
id23636,0.02053608394161901,0.960014006766262,0.01944990929211825
id09791,0.07802503836024541,0.09276101210943008,0.8292139495303249
id05680,0.014797582314037367,0.9626373793672919,0.022565038318670277
id03672,0.008607815257454679,0.9829121181113167,0.008480066631227976
id04286,0.0005943104454261343,0.9985720321392353,0.0008336574153384504
id23883,0.007674428686457694,0.013022675372262456,0.9793028959412793
id11914,0.1922514907400175,0.07365221406698752,0.7340962951929964
id20974,0.0005611807068351245,0.9987715954172738,0.0006672238758908178
id26125,0.103374796136787,0.08096670064522736,0.8156585032179848
id15543,0.0387501328896041,0.016107214717231623,0.945142652393165
id19471,0.9979322715872336,0.0009376288013433397,0.0011300996114235234
id11503,0.6839288540575573,0.1274673048924956,0.18860384104994626
id09321,0.001547015630678723,0.9965640433873932,0.001888940981928095
id25560,0.0010659999743764669,0.0005575087290120217,0.9983764912966114
id06726,0.37825828757965185,0.17112914139584298,0.4506125710245054
id05709,0.9976485474383672,0.0010311935298630128,0.0013202590317707699
id09788,0.1888048159565458,0.4746134062317726,0.33658177781168125
id05289,0.9979874146316478,0.0009306713755130095,0.0010819139928397172
id11815,0.0011434553353283766,0.9968928482998084,0.001963696364863102
id22422,0.8219506504802755,0.0708207143079425,0.10722863521178203
id25954,0.9793056404063928,0.008680651647001715,0.012013707946606117
id13601,0.9377682776918015,0.028110270939314796,0.034121451368885
id05677,0.9596590506608862,0.018188066460800914,0.022152882878313067
id10498,0.0073714819399261595,0.9885243231805206,0.0041041948795529515
id02665,0.7793492657702751,0.15992188241259736,0.06072885181712843
id10114,0.05624760048180952,0.8960195184507759,0.04773288106741396
id26314,0.9828877725144676,0.010928492719584315,0.006183734765949011
id21240,0.4393016956749577,0.23418890970861816,0.32650939461642425
id15569,0.9977445883524787,0.0010339665455928885,0.001221445101928834
id25928,0.0685636540790208,0.13949979410518387,0.7919365518157945
id22706,0.0006876703720588214,0.9984239378993021,0.0008883917286390252
id20877,0.0005314848988570676,0.9986622788165546,0.000806236284588085
id04318,0.957458784876604,0.01503798156449692,0.02750323355889912
id18299,0.07125833307715496,0.8136058201164947,0.11513584680635008
id08126,0.0015088325936968335,0.0006894138193913037,0.9978017535869119
id14293,0.15766411785008472,0.05437513167840356,0.7879607504715114
id12759,0.9953984870374529,0.0016748576238110782,0.0029266553387357532
id11983,0.20912953227747358,0.09495061306164448,0.695919854660883
id05580,0.07344934652089848,0.8646511007529913,0.06189955272611034
id25846,0.2686886303172478,0.6262859585660873,0.10502541111666489
id01939,0.8276813663648791,0.04328019550623525,0.12903843812888546
id26327,0.1569243801581714,0.4878652561622385,0.3552103636795898
id11068,0.0010797980866559477,0.0005576167464599479,0.998362585166884
id08404,0.993372721333399,0.0026393935120271783,0.003987885154574071
id27189,0.5049660027979037,0.40879991351945133,0.08623408368264467
id15119,0.002606454607267482,0.9941043220910631,0.003289223301668894
id26525,0.9978838095163111,0.0009915372790483923,0.0011246532046409578
id03618,0.9633878279418377,0.022152122800253873,0.014460049257908652
id27220,0.9979135656847852,0.0009421763164785382,0.001144257998736686
id18777,0.03541699340818983,0.0171609117241911,0.9474220948676193
id20213,0.9830425035161592,0.008864590881945513,0.008092905601895604
id20403,0.9949627874044792,0.0028938664980681424,0.0021433460974531436
id03777,0.1106897861319789,0.04142964133805491,0.8478805725299667
id10595,0.05527591576712478,0.9189275126579666,0.02579657157490875
id13816,0.309529838740872,0.11526934886730615,0.5752008123918214
id05667,0.0029007913199088986,0.0007321705322490275,0.996367038147842
id24629,0.9442681958080459,0.019740074572550906,0.03599172961940342
id20398,0.08097241182071449,0.07390075984970751,0.8451268283295775
id14108,0.0010795286443498438,0.0005572629791855374,0.9983632083764646
id06196,0.0005169541083129957,0.9988265832468951,0.0006564626447916302
id02800,0.360479328225329,0.5372972299736328,0.10222344180103787
id18732,0.0005307170806984185,0.9987974265265348,0.0006718563927667028
id11915,0.023709723637748762,0.9578778835659416,0.018412392796309227
id09739,0.9562900619706299,0.02426810527973433,0.0194418327496357
id24672,0.9974423213379096,0.0012103096020113669,0.0013473690600795142
id00414,0.001277719277120653,0.0005964414533799147,0.9981258392694994
id16307,0.9926743032642436,0.004429689531150306,0.0028960072046062693
id14043,0.05975236142863536,0.022159867880350573,0.9180877706910142
id00517,0.0010641265728700679,0.0005565345354135642,0.9983793388917162
id09744,0.9969713279522345,0.001624574255287409,0.0014040977924785374
id19257,0.9594391350321781,0.02119498837364263,0.019365876594179952
id15437,0.6426627911367331,0.28411104039311674,0.07322616847015045
id16352,0.012518824245246467,0.010922561945848303,0.9765586138089052
id18849,0.2399177123545839,0.07658815545134827,0.6834941321940673
id19434,0.0005135457892249428,0.9988247857229732,0.0006616684878017133
id17928,0.004730798830444304,0.0011421026414117775,0.9941270985281436
id16896,0.014689475445683069,0.0031976154644054702,0.9821129090899117
id02135,0.10840533913751883,0.21625097895705575,0.6753436819054258
id15075,0.9722107407492616,0.017474017682629232,0.010315241568110178
id27486,0.0005232804569510679,0.9988136697794631,0.0006630497635856042
id19422,0.9979773913412381,0.0009476105569562499,0.0010749981018060187
id09603,0.05661305343681267,0.8937752327653677,0.04961171379781947
id02133,0.0022292125585475667,0.9946697486102011,0.0031010388312511647
id03441,0.3099694213672451,0.07802925396559748,0.6120013246671573
id02398,0.0006005133723448825,0.9985629507310718,0.0008365358965830159
id05152,0.003993402718965747,0.0014094005213868307,0.9945971967596472
id17838,0.15296484968155666,0.048835183154462086,0.7981999671639827
id25060,0.9338703921032956,0.04625942264655258,0.01987018525015252
id09998,0.03143861555229703,0.017082875943471028,0.9514785085042323
id01828,0.006396878197355357,0.9846925866466453,0.008910535155999726
id25377,0.25964136978416064,0.08592506309487799,0.6544335671209631
id22175,0.010164187113124524,0.9849830376419563,0.004852775244918733
id02974,0.01146908823500429,0.009528851709788115,0.9790020600552072
id26955,0.9979029421669093,0.0009744169151323629,0.0011226409179587735
id21091,0.9959369616347012,0.0016407050959445385,0.002422333269354464
id12802,0.9376304170505657,0.03983237950602471,0.022537203443410272
id07432,0.0005117850118578258,0.9988329237342034,0.0006552912539385545
id18749,0.05149358294686623,0.8891080058220575,0.0593984112310757
id15030,0.001568750358547888,0.0017247139136938698,0.9967065357277585
id17155,0.0011392313382428026,0.9977250441690385,0.0011357244927183172
id08128,0.0008096647112718081,0.998337878981291,0.0008524563074369056
id25706,0.0030223757985864083,0.9921441056569467,0.004833518544466599
id15645,0.997454331127076,0.0011829146950919724,0.001362754177832589
id04943,0.8400194377927077,0.10428460899630972,0.05569595321098257
id27566,0.0011246985265282068,0.000601227945132171,0.9982740735283395
id11765,0.08626845376427696,0.051031073093491766,0.8627004731422309
id13783,0.5130540562920317,0.37955605320055474,0.10738989050741325
id00492,0.0011642989059136425,0.0005603346854646696,0.9982753664086217
id27636,0.014627961577748554,0.01305755577886541,0.9723144826433858
id04273,0.9916311751757899,0.005133052176328324,0.003235772647882217
id02537,0.29940336264675005,0.22414738999045994,0.4764492473627897
id24349,0.7527128569139777,0.18880961449586717,0.05847752859015514
id00023,0.0005118963887481008,0.998831783318154,0.0006563202930976366
id23025,0.005116649361900632,0.991223006186634,0.003660344451465203
id08722,0.9962686236385736,0.0017128844073677277,0.0020184919540589936
id02420,0.9979870083198609,0.0009387407239254768,0.0010742509562143411
id10811,0.9978206222648583,0.000981193267946255,0.0011981844671959288
id04019,0.0011082357767189747,0.0005901790480312457,0.9983015851752498
id18334,0.9021130778274188,0.06580720140135138,0.03207972077122982
id16781,0.4104858888759458,0.4574418566685097,0.1320722544555447
id08773,0.9403042123297696,0.03992289029858257,0.019772897371648918
id19214,0.9953906380953244,0.002318926766220629,0.002290435138455657
id09589,0.09064254552918034,0.7627070617109687,0.14665039275985134
id24246,0.9962421162605262,0.0019710158423372247,0.0017868678971372173
id23577,0.5802027913192768,0.336151802808925,0.0836454058717988
id09305,0.7849406266461524,0.08356998970398061,0.13148938364986593
id16460,0.22481832882346095,0.10597434707343865,0.6692073241031015
id21115,0.6918698625314063,0.13237833684615702,0.17575180062243492
id25996,0.5659647698326972,0.2271747398473675,0.20686049031993595
id02551,0.0012137442527042238,0.0005577119067862417,0.9982285438405099
id19352,0.0010758913723263712,0.0005577452481304696,0.9983663633795432
id03806,0.0026557483245692793,0.0009103872001638291,0.9964338644752669
id26544,0.9825845936870838,0.007278994292373956,0.010136412020542366
id18761,0.8287708171067316,0.10064039832660737,0.07058878456666089
id24148,0.017217210586892195,0.9749437821339112,0.007839007279196309
id16095,0.009850814281861325,0.981323679522668,0.008825506195470772
id18442,0.678882501562576,0.17394322269827972,0.1471742757391425
id22596,0.0010713137577648612,0.0005574970719745482,0.9983711891702606
id23002,0.020906534170650894,0.009817234874436254,0.9692762309549129
id04797,0.9979901499563474,0.0009255329608233824,0.0010843170828297101
id06610,0.020192100946802995,0.008213415471395808,0.9715944835818019
id16173,0.2605483448974797,0.5817629623100647,0.15768869279245543
id18292,0.017161827221036003,0.0160136484128922,0.9668245243660716
id27328,0.9979320146600971,0.0009833635635625724,0.0010846217763411125
id01695,0.006029094438170687,0.989897287953811,0.004073617608018051
id05761,0.4201250735480581,0.0942021135374512,0.4856728129144906
id16354,0.9976130733097862,0.0010935552877976685,0.0012933714024165005
id12207,0.05409592804012584,0.8512365496162082,0.09466752234366528
id05665,0.07745959095829932,0.030078967786335127,0.8924614412553652
id01911,0.9552432273679494,0.027413805774302663,0.017342966857748554
id19153,0.0039037150378089932,0.0016332018289178182,0.9944630831332729
id10295,0.3631732970444916,0.14776391379096568,0.489062789164543
id23038,0.2673206054344471,0.6250026388929255,0.10767675567262729
id23783,0.3227619989196418,0.6006873494475826,0.07655065163277616
id27879,0.7863153248222896,0.1588600082290449,0.05482466694866589
id19190,0.0037121465212099605,0.9918304366156997,0.00445741686309022
id05065,0.9946358635943746,0.0026060443638092545,0.0027580920418163236
id21296,0.012839501473786373,0.9781075233495785,0.009052975176634693
id13262,0.09438768686394672,0.05060156953983367,0.85501074359622
id10333,0.9977845298761907,0.0009999577366519136,0.0012155123871577772
id16677,0.396485341441035,0.27044122460842024,0.3330734339505451
id01392,0.025838659312554312,0.013346776537381609,0.9608145641500637
id27874,0.9792549133723862,0.009982221000295027,0.010762865627318716
id02294,0.04588322469125664,0.8560057917791084,0.0981109835296346
id18298,0.0031901631503389338,0.003093544804141899,0.9937162920455193
id06997,0.9979697097561054,0.0009239681366424834,0.001106322107252518
id05243,0.41828986730163736,0.2784041850228972,0.3033059476754659
id00860,0.017468208069284234,0.9624705738900535,0.020061218040661404
id26681,0.9801524725825802,0.013235599044164652,0.006611928373255957
id06020,0.0010971103669840246,0.0005570891717162562,0.9983458004612996
id27683,0.9697618344242471,0.013662409665241217,0.016575755910510515
id17655,0.0007332475201900753,0.9984989909411432,0.0007677615386663019
id08817,0.013795344063157121,0.017042982143657567,0.9691616737931855
id11512,0.0013000059188470797,0.000840633643545944,0.997859360437607
id00478,0.20840892194227678,0.09331491984120246,0.6982761582165222
id02116,0.9709451271075361,0.017115490012695588,0.011939382879768793
id06746,0.941253300095064,0.036906946931193674,0.02183975297374233
id03863,0.3345625561488641,0.5303720230730447,0.13506542077809006
id01802,0.10999042577785569,0.13025443728179664,0.7597551369403474
id11682,0.984908010474669,0.004690385648210536,0.01040160387712032
id04033,0.0005495805512238275,0.9987750911735997,0.0006753282751761686
id09286,0.14172616689096162,0.651250030000994,0.20702380310804375
id12904,0.9972075653573109,0.001358735001823295,0.0014336996408661738
id07420,0.0010725453432799633,0.0005577764908688936,0.9983696781658512
id22398,0.0005090723819172007,0.9988338966011829,0.0006570310168997032
id00424,0.0015488795018989776,0.0007532851063790638,0.997697835391722
id20960,0.9979672695871976,0.000937828695818133,0.0010949017169845845
id10267,0.6224631031123607,0.17248095790844847,0.20505593897919036
id19330,0.09228544858070258,0.0285578301756258,0.8791567212436718
id00994,0.0008872350326954797,0.9978807220217156,0.0012320429455886356
id10785,0.7638193803213563,0.16758268943958776,0.06859793023905558
id00955,0.007806325435504113,0.984520171164606,0.007673503399889384
id09757,0.0013263858216938085,0.997305601626919,0.0013680125513870218
id10030,0.1940220917766772,0.1070201163997195,0.6989577918236026
id22952,0.04725813931910332,0.06618015871775113,0.886561701963145
id21955,0.004076542693366346,0.0030960091305880072,0.9928274481760457
id07674,0.9761513473661456,0.012534514694419588,0.011314137939434568
id13760,0.008698067133323543,0.9873957406051898,0.003906192261486287
id18166,0.9975829761386964,0.0010849526732260105,0.0013320711880781704
id23498,0.9778657977899298,0.014595766133597643,0.007538436076473065
id05296,0.997893102765802,0.000996871212083726,0.0011100260221147816
id26709,0.9756659104728714,0.012390371821105362,0.01194371770602399
id02853,0.9977858490382724,0.0010406891178012803,0.001173461843926644
id06800,0.4371579041271769,0.2715877648566071,0.2912543310162169
id14758,0.25267976726452934,0.6561124211802392,0.09120781155523147
id12356,0.9979162197618261,0.0009998933245446745,0.0010838869136298248
id21492,0.991786635795276,0.004742803778927252,0.003470560425796639
id27540,0.8231811938678822,0.04904925565096961,0.12776955048114802
id07376,0.10298921854063277,0.5436333181964246,0.35337746326294234
id15201,0.2192665262617324,0.6775224468928921,0.10321102684537618
id23388,0.000527246906595241,0.9987966874214632,0.0006760656719414655
id13923,0.00809265127673536,0.9861994294135056,0.0057079193097590115
id00794,0.0069466664858472815,0.9861419575773669,0.006911375936785847
id23910,0.06226484988845705,0.03604190226766425,0.9016932478438786
id02556,0.014014957679533608,0.011114711316129794,0.9748703310043364
id22151,0.0005959496076445484,0.9985389882327497,0.0008650621596055255
id11698,0.07628120885690605,0.8578588868461741,0.0658599042969196
id11627,0.25007169373950766,0.07935007560333802,0.670578230657155
id06340,0.9979361986107373,0.0009622675957302214,0.0011015337935327979
id05123,0.978310004842189,0.010436069035245386,0.011253926122566664
id26620,0.0011600786975718568,0.0005580103734234116,0.9982819109290046
id04002,0.15459895596049325,0.3336613347469082,0.511739709292598
id26554,0.0968185548516004,0.22236974118516922,0.6808117039632311
id18012,0.637031847463802,0.10628207787537386,0.2566860746608247
id12964,0.05906971040038474,0.02569373460008645,0.9152365549995286
id18965,0.10481802725748038,0.44402432714909806,0.4511576455934218
id19082,0.08529521887151445,0.029553054416527478,0.8851517267119586
id26742,0.002285551182591305,0.0006108485890553363,0.9971036002283533
id15442,0.005851331748038076,0.989863510147086,0.004285158104875432
id16647,0.6909996236877606,0.11967711313220401,0.18932326318003387
id11544,0.04144465064654133,0.017134432554331395,0.9414209167991282
id20581,0.33351568997601727,0.13323196317278957,0.5332523468511936
id13192,0.008694411337309988,0.9864381702698883,0.004867418392801098
id15814,0.10214031328589607,0.1044287123109018,0.7934309744032025
id26279,0.03856751778490892,0.9429982100167212,0.018434272198369385
id00240,0.9960879691929222,0.0022524063930936685,0.0016596244139848973
id22836,0.9978949336902183,0.0009848902102024193,0.0011201760995796946
id15085,0.0035912864130563742,0.9921749256097377,0.00423378797720565
id17495,0.720204944059615,0.0734455441324242,0.2063495118079605
id26762,0.9295879823923271,0.022628345295224922,0.04778367231244754
id13685,0.9979255581910094,0.0009556950730430145,0.0011187467359481025
id16560,0.0005750693306498907,0.9987374504273557,0.0006874802419941715
id17184,0.0005211490970349839,0.9988186538113657,0.0006601970915993095
id21635,0.9979834921661762,0.0009323288291250053,0.0010841790046991933
id26751,0.21177883660354702,0.618460970245099,0.1697601931513549
id12351,0.9954075067153175,0.0021489007794444335,0.002443592505238293
id14872,0.23494853025810605,0.6477169755970511,0.11733449414484266
id18372,0.969248150357574,0.016030611081709785,0.014721238560717095
id26851,0.8797057667360776,0.06903205964980676,0.05126217361411603
id22659,0.7281253003610494,0.20473241445175683,0.06714228518719466
id04102,0.001254070333067168,0.000559395098721883,0.998186534568211
id02353,0.0007360949706697298,0.9977206868099668,0.0015432182193632464
id26721,0.9979882368787324,0.0009161644338897872,0.0010955986873782263
id11171,0.665451058271303,0.10178222667550844,0.23276671505318747
id13562,0.7410409307094158,0.17582977034479652,0.0831292989457872
id26425,0.8781656415712372,0.06263423320208421,0.05920012522667801
id26394,0.16613389968866699,0.10861772421144437,0.7252483760998896
id22187,0.8285586501968342,0.1033899150027973,0.06805143480036846
id00422,0.9979842102520274,0.0009368145278255672,0.0010789752201476092
id22667,0.0005210931447092493,0.9988232751899799,0.0006556316653106853
id00911,0.9663960027614367,0.012188343509588962,0.02141565372897438
id17291,0.13034597512697382,0.048303662867691756,0.8213503620053358
id01915,0.02264237839365475,0.01415654207235237,0.9632010795339927
id01434,0.3010902338450893,0.16381370333010203,0.5350960628248089
id01584,0.7547056804993234,0.08370119415260988,0.1615931253480659
id09266,0.9877429432141639,0.004370921377362044,0.007886135408474831
id17494,0.0005461890727196959,0.9987829514845894,0.0006708594426909207
id24919,0.25922234551759565,0.19500360916011267,0.5457740453222917
id21043,0.0026801576078877803,0.0011095923437811038,0.9962102500483309
id17796,0.013964094340990116,0.9788605658544213,0.0071753398045881845
id02166,0.8524001670246084,0.03953241461478978,0.10806741836060232
id17503,0.9937072763285177,0.002309484499864003,0.003983239171618288
id21203,0.5208525767567022,0.14067316857315756,0.33847425467014
id25626,0.9974126769005653,0.0013304692295033325,0.0012568538699316144
id09836,0.9978711247665052,0.0010156534395777254,0.0011132217939175816
id24202,0.01588750453247556,0.0210953303400546,0.96301716512747
id27260,0.6969260459228687,0.11168248117168036,0.1913914729054508
id23167,0.0010794030456603152,0.0005572215519121788,0.9983633754024276
id10393,0.005554385547947694,0.989501155357723,0.004944459094329108
id01171,0.9953390545115006,0.0026489223821718052,0.0020120231063282495
id06380,0.9962815070809478,0.0016076339083880434,0.0021108590106643055
id22686,0.014550703088331925,0.005388044776324388,0.9800612521353436
id26250,0.06433403044393733,0.024622493778421815,0.911043475777641
id09315,0.1389816906908913,0.7758989247106154,0.08511938459849411
id00886,0.029205765071491495,0.9220870487311779,0.04870718619733027
id03101,0.994977537695936,0.002811009289975369,0.002211453014089089
id12367,0.7222804109413525,0.06762362500511293,0.2100959640535342
id10770,0.978754376633062,0.007727944241426695,0.013517679125510624
id14949,0.0006320440138321017,0.9985265314221116,0.0008414245640559613
id14141,0.04130795551906781,0.9359223491195432,0.022769695361389192
id25417,0.36368520433092033,0.5076017542554402,0.12871304141363948
id26873,0.9966227846805162,0.0017900655916796063,0.0015871497278044096
id10818,0.30301149240454994,0.0698641794579517,0.6271243281374983
id15146,0.8859602764882307,0.03845874907091711,0.07558097444085154
id23328,0.9977088705864342,0.0010569547488764011,0.0012341746646898012
id16765,0.2690807102455032,0.552977337517166,0.17794195223733045
id24383,0.9978026586892621,0.0010434629003130825,0.0011538784104252384
id21304,0.9688961375924448,0.019372349956242627,0.011731512451313056
id12551,0.00122910482087248,0.997497366817109,0.0012735283620183755
id23274,0.010230355099787819,0.014048001902373038,0.9757216429978389
id08117,0.9487191237648857,0.030331408177952025,0.020949468057162215
id23961,0.9937295756948119,0.0022858879850374604,0.003984536320151022
id13865,0.006547541136840764,0.9896167808281106,0.0038356780350481804
id22807,0.035728250698381765,0.02502560798548792,0.9392461413161298
id08951,0.13319308534520316,0.056427317403497615,0.8103795972512985
id18684,0.9979763448250009,0.0009396438348145953,0.0010840113401849442
id25179,0.07996726188480727,0.7902862832202682,0.12974645489492448
id27033,0.9912648249797615,0.0028470208602586946,0.005888154159979661
id13977,0.04037225527912512,0.9285237980217896,0.031103946699084933
