id,EAP,HPL,MWS
id02310,0.019912311409469963,0.006355808703158312,0.973731879887371
id24541,0.9965218580311308,0.001995322622118291,0.0014828193467503856
id00134,0.0016508746721583276,0.9966935705022836,0.0016555548255573712
id27757,0.9656389881279405,0.022701779447904514,0.011659232424154339
id04081,0.6542453705762042,0.17053233143668922,0.1752222979871064
id27337,0.912816674942584,0.05988627769902845,0.027297047358389774
id24265,0.9686591517149864,0.020206889752924437,0.011133958532089476
id25917,0.07263987964343127,0.10815897664011595,0.8192011437164521
id04951,0.9984638512836522,0.0007892200618993871,0.0007469286544473236
id14549,0.9600909382236481,0.015349038079183688,0.024560023697168525
id22505,0.03410057791923933,0.061063951283977645,0.9048354707967831
id24002,0.00038168258763424486,0.9992098199402273,0.00040849747213866705
id18982,0.106090174584628,0.31499325685314744,0.5789165685622245
id15181,0.007710651559698599,0.985600448596886,0.006688899843416267
id21888,0.6754531935197281,0.07411774756435488,0.25042905891591627
id12035,0.00891576493648667,0.0036266231720967225,0.9874576118914158
id17991,0.07735427033611281,0.023279263441026456,0.8993664662228604
id10707,0.998523671624783,0.0007522889338970662,0.0007240394413193139
id07101,0.9049035698743735,0.032659221720714456,0.06243720840491112
id00345,0.6906453389415452,0.2301403917957511,0.0792142692627046
id05912,0.98205051028159,0.00940840683602347,0.008541082882385653
id13443,0.9885130502269063,0.005176122302304524,0.006310827470788084
id09248,0.17577465605576573,0.05256843157801612,0.7716569123662181
id17542,0.03245169060142727,0.9394433764173705,0.02810493298120229
id06995,0.00159980809315825,0.0005567171723112552,0.9978434747345296
id25159,0.3609552549125747,0.059728684011398255,0.5793160610760264
id25729,0.15258823966472165,0.7873600640580678,0.060051696277210076
id26949,0.9791354678469881,0.012583635729979474,0.008280896423032088
id27191,0.04943413932810478,0.014199706061102012,0.9363661546107922
id07668,0.03711522314295248,0.011657870249435988,0.9512269066076109
id02230,0.051906436725542224,0.06409759284498803,0.8839959704294701
id15553,0.9985199178270883,0.0007539898068806864,0.0007260923660302032
id25688,0.00044677138959632644,0.998892035950296,0.0006611926601078044
id17545,0.9945814667003717,0.003037917420350959,0.0023806158792760465
id13929,0.4194525922069951,0.21454048233190337,0.3660069254611009
id12880,0.30214231486157717,0.44178932600622267,0.25606835913220083
id19282,0.78365798652548,0.1525337284420616,0.06380828503245745
id14690,0.0014858173907218747,0.000507474464649361,0.9980067081446276
id17975,0.012039137733138463,0.9791262020536251,0.008834660213237871
id08037,0.7143717567247658,0.06618721902294332,0.21944102425228976
id15412,0.01659159227071638,0.006619068423485656,0.9767893393057977
id25032,0.6647997247644477,0.08265503796982222,0.2525452372657302
id27165,0.9985199422748701,0.0007539653590989991,0.0007260923660302032
id03327,0.7908148964250934,0.13252608134705351,0.07665902222785197
id18515,0.9257660168666755,0.027949092681290637,0.04628489045203293
id21003,0.006898453985358876,0.003307990779956109,0.9897935552346847
id23855,0.010840598062477705,0.9693023170043327,0.019857084933190813
id20724,0.9218433458999582,0.03754591116088791,0.040610742939155425
id13303,0.2830042270933993,0.08978069719344342,0.6272150757131569
id16521,0.07955427637765566,0.22455003197333762,0.6958956916490054
id20775,0.9985206837300747,0.0007533027993577705,0.0007260134705666923
id13029,0.9966060616162687,0.0019607087714442594,0.0014332296122856127
id14660,0.8921101725648336,0.07517573016051932,0.032714097274647275
id11028,0.0009971998937520735,0.00036699063595995287,0.9986358094702872
id14180,0.9984137891516383,0.0008080314159621672,0.0007781794323987751
id25860,0.9985204356936962,0.0007535508357364393,0.0007260134705666923
id11910,0.6362077206735873,0.06690691414410352,0.29688536518231023
id08065,0.019511543886332652,0.006476024690591812,0.974012431423075
id22674,0.010807605356172716,0.004003482422484302,0.9851889122213439
id25018,0.47840161551413957,0.06857231489191261,0.4530260695939484
id10892,0.023878252660517487,0.9632202772709505,0.012901470068531989
id10217,0.39889774602796535,0.5257282157879176,0.07537403818411598
id12996,0.2301858886760766,0.10600541142287884,0.6638086999010447
id18262,0.3419175508975631,0.5621292502755842,0.09595319882685086
id08606,0.00042977713186759416,0.9990898730089132,0.0004803498592194427
id17233,0.963367658074439,0.015944440533890877,0.020687901391670472
id00101,0.7405853127720887,0.1736257004193103,0.08578898680860104
id12225,0.9187582361541751,0.03977602180218104,0.041465742043643825
id01364,0.0012890126092151176,0.9974874840166583,0.001223503374126048
id24973,0.9434595983666222,0.016414815205754992,0.04012558642762463
id25363,0.5067821946487381,0.07820446696920383,0.41501333838205884
id10061,0.13537161917600732,0.05264402970620136,0.8119843511177905
id17673,0.11926200097666144,0.8066614641349552,0.07407653488838312
id13249,0.06441801164427696,0.03715381405135386,0.8984281743043692
id10107,0.019035469332550774,0.007216549810923917,0.9737479808565246
id04403,0.9603453445455667,0.014091926889592175,0.02556272856484082
id25728,0.9741783913729377,0.012265972136503772,0.013555636490557665
id16184,0.10455366142582168,0.05008619218730726,0.8453601463868715
id03438,0.001038031982325058,0.0003713009895413867,0.9985906670281327
id22923,0.0008532064708325741,0.9983626176865283,0.0007841758426388511
id08610,0.9984698793251793,0.0007899460126611961,0.0007401746621587381
id25355,0.007842586916471756,0.0033706926201499507,0.9887867204633781
id16916,0.10359817318475747,0.8555232491443879,0.04087857767085427
id12793,0.001067293447371496,0.9981694402316145,0.0007632663210144766
id11859,0.5545225492787145,0.0628164925981548,0.3826609581231313
id02434,0.9985233560429287,0.0007525256202875986,0.0007241183367828247
id27703,0.0010244286134758508,0.00037522954463629985,0.998600341841887
id25212,0.003587323938883686,0.9917467598491201,0.0046659162119970675
id11308,0.13841317161452196,0.15942906326962505,0.702157765115853
id26094,0.9951637995153074,0.002668137911627246,0.002168062573064035
id22080,0.9178760142126563,0.05593423741747121,0.026189748369871795
id03545,0.9176717840113889,0.05815251669508077,0.02417569929353036
id23725,0.0010431391741099504,0.0003784744105481232,0.9985783864153411
id12009,0.9458039026126435,0.02817230948526817,0.026023787902087123
id24241,0.23488882801263714,0.18524510082683854,0.5798660711605245
id03596,0.0008473463984761211,0.998471639797038,0.0006810138044854282
id10749,0.11697678961309063,0.7990766606384605,0.08394654974845
id22794,0.000986985200020774,0.0003656051200302926,0.9986474096799478
id15482,0.058912570518195914,0.8722575889356372,0.06882984054616713
id04833,0.96870640434072,0.018824336020719052,0.012469259638560066
id00397,0.01262947182432109,0.003329704221174348,0.9840408239545045
id14691,0.04886484409907452,0.015853909965019588,0.9352812459359052
id05193,0.03732704806855313,0.010462650205531,0.9522103017259164
id19541,0.998477206578268,0.00077989289923336,0.0007429005224980063
id22166,0.000986062562550594,0.0003656544510021944,0.998648282986446
id20744,0.0012479765772145308,0.0004320296798583932,0.9983199937429265
id10392,0.0010907587686627748,0.00036927065387472844,0.9985399705774612
id00770,0.9984161924315171,0.000827601766148023,0.0007562058023342623
id06018,0.17380443911438953,0.764460235983643,0.06173532490196857
id15678,0.5804073115363886,0.059964299686587424,0.35962838877702413
id08305,0.9452616084717178,0.034063719704733215,0.020674671823547312
id08903,0.19907362759456548,0.0432585760818034,0.7576677963236306
id14752,0.3613402332363475,0.5541476458766811,0.08451212088697144
id12468,0.009692490241418713,0.9827222458823269,0.007585263876255013
id05085,0.9092724428176598,0.06070521730446337,0.030022339877875715
id21993,0.2534502916025975,0.04400579832797405,0.702543910069429
id15503,0.9628396652824042,0.022127496786385016,0.015032837931209247
id03021,0.0003821126951611266,0.9992093898327005,0.00040849747213866705
id16123,0.9984962496778768,0.0007716589192734676,0.0007320914028490019
id19383,0.9979836630632092,0.0010986593896842646,0.0009176775471055467
id04186,0.9979029879839773,0.0011084738868099805,0.0009885381292119026
id17954,0.0009970671441589941,0.000367241467247116,0.998635691388593
id12030,0.18980690767906452,0.039148760060705334,0.7710443322602305
id13020,0.983040898289726,0.010685853404735967,0.006273248305538107
id25327,0.004537169045366468,0.9893781406515145,0.0060846903031203355
id16344,0.09361705513500188,0.04051375013030602,0.8658691947346923
id12303,0.011518316350052255,0.9809343794955923,0.007547304154356291
id15017,0.9983778687620628,0.0008382090229136896,0.0007839222150228187
id22308,0.2067701226688901,0.050896364036631954,0.7423335132944779
id06536,0.02026457621729004,0.026463768428238284,0.9532716553544722
id19797,0.09444071859826707,0.8110093278276247,0.09454995357410806
id06332,0.9309036818185584,0.028932546495192564,0.04016377168624921
id22941,0.02350507288218075,0.014034322359145788,0.9624606047586743
id13547,0.0018422043938397669,0.0007714858911126001,0.9973863097150463
id06928,0.001767296747343034,0.0005521347960259106,0.9976805684566304
id12521,0.7922460034784389,0.15652477829246722,0.051229218229095014
id25716,0.9612168749903973,0.011613179935272432,0.027169945074332173
id27116,0.00099192810772964,0.0003679468161179875,0.9986401250761512
id19941,0.0038512485621057194,0.9926852383195232,0.003463513118371734
id05711,0.0010178339444937917,0.0003655367205774882,0.9986166293349277
id02097,0.0011771991431885735,0.0004126929609293877,0.9984101078958807
id03563,0.00039384167642213827,0.9991946859478303,0.0004114723757478086
id02295,0.30322014691665145,0.588133305485326,0.10864654759802213
id08179,0.9984997391060626,0.0007669873730072479,0.0007332735209293453
id05332,0.08185286470070277,0.8629877761475909,0.0551593591517057
id15697,0.9136283493006518,0.029986253779682216,0.05638539691966421
id17026,0.11372282287384637,0.03841815274871531,0.8478590243774377
id04243,0.7221022205993508,0.20517563272008835,0.0727221466805593
id13175,0.9985233560429287,0.0007525256202875986,0.0007241183367828247
id05387,0.9960633706937464,0.001901627975698786,0.0020350013305544395
id19989,0.992807095981444,0.003728652567754115,0.003464251450802313
id25173,0.007873616050715935,0.0027040759163880486,0.989422308032896
id08925,0.0004962704259325897,0.9990393486883736,0.0004643808856940388
id03034,0.009508478170060076,0.973684482219806,0.016807039610134966
id13272,0.00039384167642213827,0.9991471502789645,0.0004590080446135067
id07956,0.9886362695628929,0.005086072594761597,0.00627765784234456
id02648,0.026187719435933867,0.009382976289976407,0.9644293042740899
id01778,0.05717593734059374,0.019550373635874287,0.9232736890235305
id12846,0.000986062562550594,0.0003654800954359254,0.9986484573420125
id19001,0.14889204523822533,0.05250828318784835,0.7985996715739255
id05763,0.28623911433821286,0.06996132892263976,0.6437995567391477
id15590,0.0009922313557134083,0.00036811582575743945,0.998639652818528
id04912,0.6071312319220052,0.25528398223508325,0.13758478584291212
id21201,0.9867797246469949,0.0075496973990263,0.005670577953977494
id13215,0.9971701075741137,0.0014532613565034732,0.0013766310693818732
id15612,0.02632832772327699,0.951158501348955,0.022513170927768892
id18501,0.00995175242165551,0.003999310132258448,0.9860489374460863
id07223,0.8895405001024488,0.05548609560905519,0.054973404288494156
id06707,0.3475337012552242,0.17510985105639362,0.47735644768838165
id05238,0.00038168258763424486,0.9992098199402273,0.00040849747213866705
id00935,0.0383572276100714,0.06198550801375163,0.8996572643761785
id00110,0.39853626221917415,0.06956767240980063,0.531896065371026
id17476,0.9896754619992516,0.006408724191042245,0.003915813809704924
id15170,0.9984933581291667,0.0007732597317113944,0.0007333821391210859
id13397,0.044264512429445915,0.03194126164959132,0.9237942259209633
id24283,0.9454852238426245,0.03921330788159668,0.015301468275779226
id15234,0.8003706300494459,0.13997395731261503,0.0596554126379373
id16884,0.4241250653976195,0.45263371185756396,0.12324122274481579
id07831,0.4823041597302662,0.3927598145650882,0.12493602570464565
id16038,0.9504493378387977,0.03306879007948038,0.01648187208172011
id03629,0.9895301564949341,0.005203559619803267,0.005266283885260993
id21019,0.8465253749241547,0.08517093769796208,0.06830368737788425
id21835,0.47634523477897556,0.2519820817516533,0.2716726834693713
id04480,0.11725763010521982,0.8364546922541626,0.04628767764061798
id20838,0.6227135147370747,0.2938378413896879,0.08344864387323626
id24195,0.3997550756650386,0.17408960177205765,0.426155322562904
id05448,0.9116297633190217,0.054556635017775364,0.03381360166320198
id15957,0.11773333428198896,0.8261645024531559,0.05610216326485486
id19956,0.001014619354658565,0.0003709714366851608,0.9986144092086552
id15104,0.002510139882875648,0.0009943999539613864,0.9964954601631618
id17559,0.8085325875231738,0.07193163610048071,0.11953577637634592
id16839,0.1362822227854334,0.11957502100921642,0.7441427562053489
id14493,0.9176517072030712,0.02658981526220604,0.05575847753472185
id08833,0.7747547776753396,0.050182040389321156,0.17506318193533793
id15723,0.30913501730157195,0.04934398269775914,0.6415210000006685
id02716,0.9983785512937137,0.0008477645762055065,0.0007736841300799276
id06689,0.03599190944947739,0.9350723891804115,0.028935701370111564
id18837,0.2959606902041983,0.07218219516594479,0.6318571146298567
id04466,0.9956848516798184,0.002824161671742419,0.0014909866484383283
id00686,0.8290549357508742,0.04564727405467221,0.12529779019445222
id09010,0.1041389563288718,0.8514757364626024,0.04438530720852447
id23353,0.9982167557055289,0.0009619418176714889,0.00082130247679912
id00066,0.9837191364065667,0.008626955643860722,0.007653907949572142
id15724,0.040990105476697264,0.9197475146976729,0.039262379825629905
id23486,0.019351990811759524,0.006079351832589064,0.9745686573556517
id22258,0.0010470011715285042,0.00039665470150382245,0.9985563441269667
id02292,0.7087791936194086,0.17755308713276333,0.11366771924782818
id16356,0.04435081401684112,0.011359582765713194,0.9442896032174467
id00235,0.7330952892245424,0.06102600487853149,0.2058787058969253
id25522,0.011495995063104577,0.004192222228765027,0.9843117827081301
id04204,0.0276686033001211,0.956027409607003,0.01630398709287663
id22016,0.7646792422740963,0.08907151848592205,0.14624923923998187
id06480,0.0010291807307061902,0.9981776660661117,0.0007931532031822763
id08718,0.06801354851957504,0.017169361359505517,0.9148170901209194
id05251,0.00038168258763424486,0.9992096785974711,0.0004086388148948507
id03359,0.6357466697677937,0.2506140836562224,0.11363924657598232
id16117,0.001411536350785349,0.0004653829403464914,0.998123080708867
id17000,0.00038753030238460295,0.9992012897195286,0.0004111799780869899
id01730,0.00046451554432535105,0.9990840762431397,0.0004514082125350722
id00630,0.9810242130129105,0.012125224387762066,0.0068505625993273075
id18175,0.03213532722644892,0.009114364207980218,0.9587503085655701
id00907,0.8727018243138723,0.04753646707132576,0.07976170861480078
id18251,0.0005405414032005704,0.9989247838874286,0.0005346747093709309
id25861,0.2995844433339013,0.5939185391144821,0.10649701755161559
id00398,0.7437622002567967,0.18053247677831036,0.07570532296489259
id27573,0.9983437893312381,0.0008510591535353579,0.0008051515152259127
id10022,0.008831145573870654,0.9790660949956737,0.012102759430456656
id15901,0.0021132232313123955,0.0006632432750791358,0.9972235334936076
id00451,0.00822231573080421,0.007258723774787373,0.9845189604944078
id23129,0.0008781215809886628,0.9984989316434388,0.0006229467755722538
id26498,0.47740875312622366,0.27494357575267453,0.24764767112110145
id14741,0.9947827597158917,0.002960720212444561,0.002256520071662513
id18453,0.005480621260798493,0.002124763101088269,0.9923946156381126
id08309,0.5291154666161751,0.3894436627984978,0.0814408705853264
id00320,0.9985197267799818,0.0007541808539872676,0.0007260923660302032
id07688,0.47256115142208643,0.1584334388274437,0.36900540975046914
id01556,0.0009898228445717454,0.0003659445002693284,0.9986442326551578
id00178,0.1375917264962274,0.047606753489020166,0.8148015200147515
id18902,0.0063291692336598536,0.003994292533372326,0.9896765382329675
id27002,0.3567970823469766,0.539052245033025,0.10415067261999829
id21418,0.998523671624783,0.0007522889338970662,0.0007240394413193139
id23018,0.15301859279688146,0.06477924549430068,0.7822021617088173
id07032,0.7515654989078253,0.052738660298395384,0.1956958407937786
id16195,0.7068044278558491,0.055145843040649664,0.23804972910350233
id11202,0.02545628169449096,0.9507799174613343,0.023763800844175988
id09578,0.6791607113819623,0.09111026868092943,0.22972901993710826
id26984,0.8531057613092653,0.037975897179284755,0.10891834151145037
id19856,0.0011265139132718822,0.9980527606221422,0.0008207254645858357
id12086,0.30632959177854474,0.05879848258018287,0.634871925641272
id12052,0.019149150232355316,0.007520743852258343,0.9733301059153864
id17728,0.0009925871248131772,0.00036811582575743945,0.9986392970494282
id24608,0.5557117352433754,0.08948097772281302,0.3548072870338111
id21097,0.14180154449718577,0.07137479073511706,0.7868236647676973
id20179,0.0009940886513898847,0.0003665428303408574,0.9986393685182684
id15144,0.8450135818755378,0.10001973498380458,0.0549666831406593
id00206,0.9939596342008507,0.0028154478312864056,0.0032249179678629316
id22285,0.0035177495232452285,0.0012220856744238852,0.9952601648023303
id06417,0.0898402004637922,0.8289429529038301,0.0812168466323764
id00215,0.06450944084451292,0.9020855914853025,0.03340496767018564
id04201,0.14978793546704197,0.03331201200021211,0.8169000525327449
id21771,0.9926754116942602,0.0042954149059390555,0.003029173399799477
id12451,0.029239682816840844,0.03713702034483518,0.9336232968383227
id14250,0.01800543618487424,0.9515457356827272,0.030448828132398922
id03433,0.13453275564250422,0.8034277142090005,0.06203953014849475
id03303,0.0036592436279801314,0.001551568409900361,0.9947891879621191
id25901,0.25451334788467317,0.3485589595229689,0.39692769259235694
id06945,0.2723126535505636,0.09739424717789263,0.6302930992715443
id05664,0.8834230699077928,0.06909592365334223,0.047481006438866116
id05741,0.9985230737688858,0.0007528078943305896,0.0007241183367828247
id10652,0.9859373389905605,0.007008031862770916,0.007054629146668121
id16300,0.5574094018829177,0.3356948875688301,0.10689571054825087
id12319,0.6043150763281712,0.07178983483405502,0.3238950888377755
id07500,0.0011824277574923247,0.9978781140232724,0.0009394582192353358
id12478,0.2790324317054169,0.1490747374083841,0.5718928308861991
id03076,0.020296555940698062,0.00598399226392263,0.9737194517953794
id00969,0.10903850901395037,0.7786928608614898,0.112268630124561
id23636,0.018862109257991488,0.9556194483019759,0.02551844244003393
id09791,0.0451713521853574,0.05402218936431275,0.9008064584503305
id05680,0.004346372110457905,0.9903769548281345,0.0052766730614077295
id03672,0.0038243828483552848,0.9885001777072666,0.007675439444378731
id04286,0.0004064195187254593,0.9991080765357643,0.00048550394551017686
id23883,0.003988614959931342,0.004525033222889065,0.991486351817178
id11914,0.25171467132991704,0.08918746643846646,0.6590978622316149
id20974,0.0004378488070999242,0.9990816240108187,0.0004805271820816423
id26125,0.08076887537472238,0.024754888142336104,0.8944762364829426
id15543,0.053708100716697287,0.01554102526566696,0.9307508740176356
id19471,0.9984600055292265,0.0007848167917208647,0.0007551776790518348
id11503,0.547491194534549,0.12299071661220466,0.3295180888532467
id09321,0.0009330244077739743,0.9977853210532915,0.0012816545389350846
id25560,0.000986062562550594,0.0003654361103908407,0.9986485013270576
id06726,0.487950388515154,0.1508261742640793,0.36122343722076694
id05709,0.9974399687469458,0.0012506176764111748,0.0013094135766425596
id09788,0.259103702662396,0.3426783585490906,0.3982179387885133
id05289,0.9984841332141081,0.0007777435032235814,0.000738123282667714
id11815,0.0015793413240213936,0.9967778387659855,0.0016428199099931973
id22422,0.8141668245193459,0.07038761985315405,0.1154455556274992
id25954,0.9941100530646616,0.0026208548828546194,0.0032690920524835036
id13601,0.9025244273597808,0.04909244289700351,0.04838312974321574
id05677,0.9727945986226874,0.01519601160509256,0.012009389772219038
id10498,0.005601460979192883,0.9896079256688963,0.004790613351911392
id02665,0.7134967101964169,0.2236965887145955,0.06280670108898782
id10114,0.08748212005897345,0.8319834792581542,0.08053440068287149
id26314,0.9962682706711654,0.0022154407014734305,0.001516288627360342
id21240,0.23511373674441102,0.15983662130977208,0.6050496419458159
id15569,0.9977475182817412,0.0012023835992326897,0.001050098119025482
id25928,0.07174059716900252,0.12240853010271287,0.8058508727282838
id22706,0.0005944562859708828,0.9986866277802242,0.0007189159338048227
id20877,0.00038753030238460295,0.9992020250136462,0.0004104446839693429
id04318,0.9706875791126629,0.012097960264137357,0.01721446062319842
id18299,0.0759317170354244,0.8020494547474496,0.12201882821712623
id08126,0.0015822723103798004,0.0005014096066255915,0.9979163180829935
id14293,0.19954931496279957,0.03674386419947119,0.7637068208377299
id12759,0.9934857285353282,0.003046532209479199,0.0034677392551916006
id11983,0.23780307414539534,0.09350861145849244,0.6686883143961105
id05580,0.0940001746474262,0.7926965916819968,0.1133032336705772
id25846,0.3953250425176787,0.4615548620780758,0.1431200954042447
id01939,0.8319115731669623,0.03606026659823803,0.13202816023480102
id26327,0.19476319943150708,0.29089615233033334,0.5143406482381593
id11068,0.0010032491236026892,0.0003672483341690451,0.9986295025422273
id08404,0.9975870542320335,0.0012987299363217942,0.0011142158316440178
id27189,0.3900069950607671,0.5218795929851724,0.08811341195406007
id15119,0.00834753820113544,0.9821724582822288,0.009480003516635128
id26525,0.9984704058227198,0.0007894216490967462,0.0007401725281827346
id03618,0.9852802629575924,0.007928939897316157,0.006790797145090113
id27220,0.9984984617561963,0.0007715027138354624,0.0007300355299675736
id18777,0.021851847660127564,0.007141218950501243,0.9710069333893707
id20213,0.972253433196506,0.015273914538203044,0.012472652265289336
id20403,0.9974328009824703,0.001487760998271105,0.0010794380192571166
id03777,0.18192713280895845,0.05651275048217978,0.7615601167088607
id10595,0.0420118701403212,0.9357445339815822,0.022243595878097152
id13816,0.2735238817129688,0.08538971435425914,0.6410864039327712
id05667,0.0012339419905870183,0.0004279260127243946,0.9983381319966876
id24629,0.9556073090919155,0.01636259353981927,0.028030097368266855
id20398,0.034489260447044146,0.01682648248603773,0.9486842570669185
id14108,0.000986062562550594,0.0003654800954359254,0.9986484573420125
id06196,0.00038168258763424486,0.9992098199402273,0.00040849747213866705
id02800,0.4386361945747236,0.46613898031994194,0.09522482510533377
id18732,0.00039384167642213827,0.9991951196882471,0.0004110386353308062
id11915,0.024448649076264057,0.9458140597984328,0.02973729112530433
id09739,0.9639987249397524,0.01926075054587714,0.016740524514370345
id24672,0.9949158885927943,0.002382970783966484,0.0027011406232383094
id00414,0.0010011374938876782,0.0003667336841213048,0.99863212882199
id16307,0.9915660270530169,0.004466660399067174,0.003967312547915245
id14043,0.037475609879391206,0.011372491291398423,0.9511518988292111
id00517,0.000986062562550594,0.0003654361103908407,0.9986485013270576
id09744,0.9898753499278143,0.006256653597379626,0.003867996474806101
id19257,0.9843220584914676,0.008686792456009479,0.006991149052522114
id15437,0.5317359732803719,0.39339354383908237,0.07487048288054529
id16352,0.004527105354264483,0.0031005332257197466,0.992372361420015
id18849,0.08120858230785924,0.029657058746231736,0.8891343589459104
id19434,0.0003821126951611266,0.9992093898327005,0.00040849747213866705
id17928,0.002301731035446297,0.0008168464006011757,0.9968814225639522
id16896,0.011365236677838638,0.003939377922208163,0.9846953853999532
id02135,0.154865098819431,0.3063079277677129,0.5388269734128561
id15075,0.9426237903742014,0.039611199279873104,0.017765010345926056
id27486,0.00038168258763424486,0.9992089433033534,0.0004093741090124978
id19422,0.9984754344418014,0.000780277872784465,0.0007442876854133995
id09603,0.08436057266841483,0.8465082611712592,0.06913116616032619
id02133,0.0032194178344956675,0.9926213976589766,0.004159184506528067
id03441,0.4118307974275608,0.07718219351638995,0.5109870090560499
id02398,0.0004424351716215166,0.9990234082537227,0.0005341565746559049
id05152,0.003024041199243127,0.001216477410427669,0.9957594813903287
id17838,0.16681074908547572,0.05462220141801567,0.7785670494965073
id25060,0.947521079424308,0.036103722410305406,0.0163751981653867
id09998,0.02102762577182548,0.008245219243796478,0.9707271549843792
id01828,0.004517154235545256,0.9889571035451443,0.006525742219310784
id25377,0.18342503751910402,0.07632140005156013,0.7402535624293355
id22175,0.0027414681383970897,0.9948869219836087,0.0023716098779942227
id02974,0.004635114693026372,0.004418604717587519,0.990946280589385
id26955,0.9984956561688217,0.000771903516305395,0.0007324403148721221
id21091,0.9961838711544658,0.0018578464781238303,0.0019582823674100724
id12802,0.8519802915014058,0.10071221725642102,0.04730749124217259
id07432,0.00038433283065584124,0.9992040300783569,0.0004116370909877952
id18749,0.023796223681245045,0.9462916187040102,0.029912157614746474
id15030,0.0011423325389761751,0.00041735570409333437,0.9984403117569293
id17155,0.0004428036373818551,0.9990559307006431,0.0005012656619753009
id08128,0.0004561955955583576,0.9989916796859553,0.0005521247184866134
id25706,0.003309625164792887,0.9893104303478935,0.007379944487314349
id15645,0.997810917661866,0.001208769164508794,0.0009803131736240503
id04943,0.9040443676054156,0.060249946292034416,0.03570568610254915
id27566,0.0010227881877081127,0.00037191624194693956,0.9986052955703438
id11765,0.13529663268116646,0.037178642140748404,0.8275247251780865
id13783,0.4375903218893576,0.4583702551717173,0.10403942293892406
id00492,0.0010017069815125308,0.00036882688220420736,0.9986294661362821
id27636,0.034254517155278635,0.06069899400605599,0.9050464888386656
id04273,0.9966868630159105,0.0018022273209904896,0.0015109096630986061
id02537,0.27214204354012583,0.13568908834754392,0.5921688681123315
id24349,0.6150055198190764,0.3103412004425941,0.0746532797383304
id00023,0.0003821126951611266,0.9992090974350396,0.00040878986979948575
id23025,0.0026411764370950514,0.9953674714701981,0.0019913520927071593
id08722,0.9977272824653137,0.001173421911949394,0.0010992956227361976
id02420,0.998514749155601,0.0007566778656254271,0.0007285729787728008
id10811,0.9975611718068982,0.0011342136827860705,0.0013046145103148585
id04019,0.0010023762625462104,0.0003683639963707848,0.9986292597410822
id18334,0.8210578144348972,0.11979181205654775,0.05915037350855281
id16781,0.4329078524477178,0.4149574077087027,0.15213473984357873
id08773,0.9514167506136937,0.032127856574928726,0.016455392811377235
id19214,0.9923076131553009,0.003147280481292381,0.004545106363406092
id09589,0.08871503752383245,0.7719353109730532,0.1393496515031149
id24246,0.9963308936331965,0.0021628972038083808,0.0015062091629941625
id23577,0.6802895465601356,0.25502375218278117,0.06468670125708405
id09305,0.7246295682485993,0.08763724428080008,0.18773318747060042
id16460,0.31681897284109134,0.1392598014567078,0.5439212257022004
id21115,0.7566866841617287,0.09282463737326299,0.1504886784650076
id25996,0.578258697580303,0.21591762439156292,0.20582367802813384
id02551,0.001096030468895732,0.0003691730080437913,0.9985347965230594
id19352,0.0009937428597146902,0.00036666230231664445,0.9986395948379677
id03806,0.002054303533779581,0.0006652952543012872,0.9972804012119183
id26544,0.9928579955991672,0.0031444273736614637,0.003997577027171357
id18761,0.7235386311246066,0.12838097554796826,0.148080393327424
id24148,0.018227111533632184,0.9707426416719572,0.011030246794411419
id16095,0.009217513019922173,0.9808606917671504,0.0099217952129281
id18442,0.8088789005696354,0.08581686324190355,0.10530423618846027
id22596,0.000986062562550594,0.0003654361103908407,0.9986485013270576
id23002,0.044579264845538764,0.013099609041713577,0.9423211261127477
id04797,0.9985152485478981,0.0007545293555073978,0.0007302220965937574
id06610,0.009463351126702671,0.0028960822561431994,0.9876405666171537
id16173,0.26568951134232793,0.5895293144395157,0.14478117421815656
id18292,0.005412049168777444,0.003223919802587854,0.9913640310286345
id27328,0.9985116255574922,0.0007617228629455334,0.0007266515795615123
id01695,0.003653774173262087,0.9905379033795971,0.005808322447141328
id05761,0.6135913309510561,0.0783546165410347,0.30805405250790957
id16354,0.997840124477913,0.001155763595323385,0.0010041119267629266
id12207,0.04483500098095191,0.8885013734016013,0.06666362561744638
id05665,0.03349089844575293,0.009226031324300617,0.9572830702299463
id01911,0.9474697086169593,0.03383654772453579,0.01869374365850411
id19153,0.0013083097139215873,0.0004532533203047194,0.998238436965773
id10295,0.1855507210041036,0.10138181178639642,0.7130674672094991
id23038,0.2848171223440213,0.5964052981441396,0.11877757951183862
id23783,0.26459570202351973,0.667303973805184,0.06810032417129692
id27879,0.7643841355136373,0.17795228546691175,0.05766357901944954
id19190,0.001898959678944049,0.995936569479201,0.0021644708418548844
id05065,0.997096174655769,0.0015357880876614275,0.0013680372565686167
id21296,0.011835831195942958,0.9788981555048715,0.009266013299186226
id13262,0.10051817543238993,0.030475985579766513,0.8690058389878427
id10333,0.998313422409185,0.0008810716099975288,0.0008055059808167559
id16677,0.5784141804428962,0.1150691151679849,0.3065167043891198
id01392,0.09619413516709666,0.03543248922039852,0.8683733756125046
id27874,0.9869971442301181,0.0064320573377554795,0.006570798432126937
id02294,0.037906411896399456,0.8961201945989913,0.06597339350460941
id18298,0.0031274096081715876,0.0019444993691999474,0.9949280910226276
id06997,0.9984464528837181,0.0008006090006199285,0.0007529381156611474
id05243,0.42808997736483145,0.23295719328308342,0.33895282935208515
id00860,0.008937758237172494,0.9792940272673076,0.011768214495520925
id26681,0.9939088447219429,0.00368211321963921,0.0024090420584168127
id06020,0.00099192810772964,0.00036804976342722314,0.9986400221288421
id27683,0.9717696948454227,0.01453401197248611,0.013696293182091401
id17655,0.00047695328762346054,0.9989668605441812,0.000556186168195476
id08817,0.012318606906253603,0.012219133479836343,0.9754622596139094
id11512,0.0013962888301919853,0.0006296294159241648,0.9979740817538831
id00478,0.22397180577141831,0.0701441515263741,0.705884042702208
id02116,0.9916151510435058,0.0038280522189346046,0.004556796737559124
id06746,0.9886590001887882,0.006589855797688775,0.004751144013520928
id03863,0.4219694437967575,0.44378977817222337,0.13424077803101991
id01802,0.1818154110271853,0.09957790628489147,0.7186066826879234
id11682,0.960884983398955,0.013719326396764913,0.025395690204280164
id04033,0.00040369253458162016,0.999170464375337,0.00042584309008131596
id09286,0.17333407251807278,0.5198187918610142,0.3068471356209121
id12904,0.9982187078547171,0.0009451596806588999,0.0008361324646230637
id07420,0.0009860922127231445,0.0003655367205774882,0.9986483710666983
id22398,0.00038168258763424486,0.9992098199402273,0.00040849747213866705
id00424,0.0021609981490940187,0.0007230996623055203,0.9971159021885992
id20960,0.998432161064417,0.0008106561023966672,0.0007571828331855775
id10267,0.6932588362432626,0.13943877876201477,0.16730238499472322
id19330,0.1831613071544248,0.049017444340718315,0.7678212485048571
id00994,0.0014389100648927262,0.9962581306918049,0.002302959243302689
id10785,0.8349181416781878,0.11359613508400809,0.051485723237803246
id00955,0.004746448743730032,0.9902726863885435,0.004980864867726688
id09757,0.0012167631243429457,0.9978615426401437,0.0009216942355134391
id10030,0.18283042255378595,0.07385835928703273,0.7433112181591808
id22952,0.036071589167025214,0.037612392545783566,0.9263160182871913
id21955,0.002795692432323645,0.0016021790719729218,0.9956021284957022
id07674,0.9890320087232268,0.00569050443517879,0.005277486841593442
id13760,0.0008306916430577614,0.998509363643187,0.0006599447137549945
id18166,0.9942319882655014,0.0024328062777162194,0.003335205456782408
id23498,0.9860982996321229,0.00836803151443537,0.005533668853441994
id05296,0.9984776033405531,0.000782912733792707,0.0007394839256535904
id26709,0.93503665724139,0.04221369536969295,0.022749647388917524
id02853,0.9983531378768806,0.0008846869498644038,0.0007621751732543561
id06800,0.4295220773267254,0.1764295478252305,0.3940483748480444
id14758,0.4196556279805224,0.49416302420778574,0.08618134781169105
id12356,0.9985186664259085,0.0007546819945292325,0.0007266515795615123
id21492,0.9676690979153006,0.01981530965713981,0.012515592427560902
id27540,0.7417570728620906,0.057062899223403074,0.2011800279145059
id07376,0.09645965784932146,0.5632174901212958,0.3403228520293824
id15201,0.24671012292309003,0.6658050685434198,0.08748480853349043
id23388,0.0008228684816650956,0.9984107177800848,0.0007664137382502335
id13923,0.00832613746494914,0.9854957506190163,0.006178111916035259
id00794,0.008722377754441617,0.9737378681413704,0.01753975410418915
id23910,0.07697957323854884,0.026853477435128444,0.8961669493263229
id02556,0.01113730347957001,0.007913762630937925,0.9809489338894928
id22151,0.00038168258763424486,0.9992090846461097,0.00040923276625631403
id11698,0.11314065246489854,0.7957163398037029,0.09114300773139934
id11627,0.3525658510476683,0.07170636032647598,0.5757277886258556
id06340,0.9985198595618842,0.000754048072084938,0.0007260923660302032
id05123,0.9803181072758378,0.007907290297831686,0.011774602426330322
id26620,0.00099192810772964,0.0003680418736860548,0.9986400300185833
id04002,0.12148192569056136,0.23649089807621598,0.6420271762332218
id26554,0.13459548534826113,0.38215396503770405,0.48325054961403546
id18012,0.6408894582829656,0.07632703910171082,0.2827835026153229
id12964,0.04808712461400205,0.014626379134515009,0.9372864962514834
id18965,0.09368891305930203,0.49607984976497166,0.41023123717572546
id19082,0.023809812685766107,0.007237508120004138,0.9689526791942289
id26742,0.001554613653387416,0.0005495014718418421,0.99789588487477
id15442,0.012013165839622999,0.9790647110198877,0.008922123140490316
id16647,0.7361327359864338,0.0726543163377721,0.19121294767579503
id11544,0.03267260463088078,0.011177064192051285,0.956150331177068
id20581,0.3774784280728539,0.08131067083300175,0.5412109010941439
id13192,0.032401694861339723,0.9428676658610282,0.024730639277632038
id15814,0.08326289998241379,0.09429229535975904,0.8224448046578268
id26279,0.006094208441011395,0.9893386015030362,0.004567190055952718
id00240,0.9948152491159846,0.0030771795329996195,0.0021075713510146804
id22836,0.9985003253193788,0.000767095671683206,0.0007325790089372725
id15085,0.0032787702177085407,0.9917855774376397,0.004935652344652427
id17495,0.6916082545489749,0.06347552330647825,0.2449162221445461
id26762,0.9530063759241766,0.015535254087340477,0.031458369988482414
id13685,0.9984803522877724,0.000779579961880548,0.0007400677503461872
id16560,0.00040176577991452814,0.9991805079951251,0.0004177262249604135
id17184,0.0003821126951611266,0.9992086545385828,0.00040923276625631403
id21635,0.998522482465746,0.0007532677914256346,0.0007242497428275027
id26751,0.1817776231917553,0.6471835951366914,0.1710387816715541
id12351,0.997540601201738,0.0012876540764237086,0.0011717447218373624
id14872,0.24393385402020232,0.6645579785235242,0.09150816745627251
id18372,0.9923586174412665,0.003761444774095175,0.0038799377846373993
id26851,0.9085300416489408,0.0552528395003115,0.0362171188507474
id22659,0.6397962096358457,0.2832213830468392,0.07698240731731419
id04102,0.0009919577579021908,0.0003680474263046351,0.9986399948157921
id02353,0.006289573356131036,0.9834091098992791,0.01030131674459071
id26721,0.9985189874323359,0.0007544923941464133,0.0007265201735168343
id11171,0.7157260908348314,0.07503523455363038,0.20923867461153736
id13562,0.7211765458950922,0.19713046533186063,0.08169298877304662
id26425,0.9085088566235224,0.03718817691034792,0.05430296646612896
id26394,0.13156804650982004,0.06978850409403123,0.7986434493961478
id22187,0.8446534034480093,0.08348233218122698,0.07186426437076472
id00422,0.9985233560429287,0.0007525256202875986,0.0007241183367828247
id22667,0.00038168258763424486,0.9992090846461097,0.00040923276625631403
id00911,0.9791362283434751,0.008891239223102854,0.01197253243342188
id17291,0.14895786417281356,0.04267258088337428,0.8083695549438119
id01915,0.010777524058499055,0.005216641397779603,0.9840058345437208
id01434,0.34923075178644075,0.1238189319018268,0.5269503163117313
id01584,0.7589015538607109,0.06235024801701026,0.1787481981222779
id09266,0.9628742549023446,0.01392544016413078,0.023200304933524853
id17494,0.00038669221223023567,0.9992040750215135,0.00040923276625631403
id24919,0.3182091855783132,0.16935853621562,0.512432278206067
id21043,0.0017402265682433427,0.000582793776847949,0.9976769796549073
id17796,0.001033807550486298,0.9981524575871322,0.0008137348623811506
id02166,0.5130781220152388,0.07387788926462313,0.4130439887201394
id17503,0.9606609604405594,0.014112693103532225,0.025226346455908554
id21203,0.600844113250544,0.0998645404874984,0.29929134626195775
id25626,0.9960966676572552,0.0022022879356952667,0.0017010444070483753
id09836,0.9940879779412282,0.003150057602908192,0.002761964455862328
id24202,0.010557943860694087,0.010906639451291025,0.9785354166880156
id27260,0.6277069986772145,0.09687455675473715,0.2754184445680491
id23167,0.0009898228445717454,0.000365933453673601,0.9986442437017536
id10393,0.0034974822143230815,0.9916092782327114,0.004893239552965996
id01171,0.9978077657174994,0.0012099789955148455,0.0009822552869849478
id06380,0.9967339620989835,0.0016737505500830107,0.0015922873509327234
id22686,0.004640326765072697,0.0014707533809579783,0.9938889198539699
id26250,0.03247560978671829,0.011100933234565217,0.9564234569787161
id09315,0.23551522839342684,0.6583404781900051,0.10614429341656871
id00886,0.03943060060578318,0.903547942648594,0.05702145674562355
id03101,0.9802974386929835,0.008136324196828923,0.011566237110186936
id12367,0.729821722021458,0.04669471801803313,0.22348355996051028
id10770,0.9759369851528449,0.01000189528889708,0.014061119558259503
id14949,0.00043591885475760306,0.9990821023219162,0.0004819788233265247
id14141,0.06331861366206074,0.9068824826265165,0.02979890371142355
id25417,0.6310378578748722,0.2538640461392008,0.11509809598592696
id26873,0.9972700832699478,0.0014182207285871027,0.001311696001463859
id10818,0.373070579275752,0.05141428995403372,0.5755151307702143
id15146,0.831311678182113,0.05015215573636307,0.1185361660815234
id23328,0.9983772801447063,0.0008634284034817069,0.0007592914518113938
id16765,0.31190733456073333,0.5249604265841941,0.1631322388550723
id24383,0.9977606373254237,0.0010395253952694193,0.001199837279306068
id21304,0.9974024240324617,0.0014580693593939033,0.0011395066081434917
id12551,0.0005913434020893172,0.9989312695425578,0.00047738705535299293
id23274,0.03342806000724386,0.04712523097344705,0.9194467090193089
id08117,0.9848941159197259,0.00830494284483715,0.006800941235436591
id23961,0.9966943448387603,0.0015673959658672795,0.0017382591953719927
id13865,0.0020017035237611387,0.9962662900476557,0.0017320064285838398
id22807,0.07253124707807951,0.04313992138291437,0.8843288315390053
id08951,0.10898615525575196,0.029722582515315343,0.861291262228933
id18684,0.9985171795090668,0.0007563792128791882,0.0007264412780533235
id25179,0.18670814575779843,0.6043796283315058,0.20891222591069514
